ID,vis_LOInsight_1,vis_HIInsight_1,verb_cov_1,GV1,vis_LOInsight_2,vis_HIInsight_2,verb_cov_2,GV2,vis_LOInsight_3,vis_HIInsight_3,verb_cov_3,GV3,vis_LOInsight_4,vis_HIInsight_4,verb_cov_4,GV4
sub-06,0.332831480167078,0.0310279979525242,0.265405716772459,0.0282638742855314,-0.20480981321131,0.154429429566826,0.182167798319325,0.0136162743047171,0.273352591127655,0.335546158997868,0.3315663106476,0.033684988308192,-0.0965535450635238,-0.0985729277721073,0.171594566010573,0.0227402537529868
sub-12,-0.187045165616738,-0.282173946425351,0.131932487570027,0.0508503878304155,-0.436907125040792,0.0992615583366192,0.117711274528611,-0.0274549029697239,-0.54761777157097,-0.432828430488345,0.131906413254437,0.00842662669370701,-0.233973132000852,-0.371943994853092,0.0852936726957324,0.0427555484198906
sub-13,-0.325197093499722,0.265265420679237,0.170285104742138,-0.0094990118820951,0.0250802708331837,0.193973990391492,0.3143689478815,-0.0115267342289176,0.344143392668099,0.0856731521873084,0.257378758439059,-0.0160556221740237,-0.148697591537138,0.212606786971266,0.167286753487234,-0.0386721026583726
sub-14,-0.149829414321403,0.194795363087561,0.304650947885036,0.0121085055689111,-0.370731064384441,0.233915586818747,0.144020398181455,0.0364008785769837,0.344336840185748,0.335651007365723,0.306684345152876,-0.0243595969667428,-0.577547806200039,0.251923540054293,0.142875551715567,-0.036447026407451
sub-16,-1.02018248486994e-12,-0.142908958931683,0.186546081626061,-0.0280781723481367,-0.725937561078075,0.437661663250408,0.324182755162352,0.066773672818733,0.154261756907559,-0.361120739696419,-0.159238170101326,0.0288034907402006,0.203785425356777,0.214747877223869,0.157532119685097,0.0410880557895326
sub-17,0.798120634416987,-0.312818307166815,0.157918837566443,0.025936858293925,-0.38280171007944,0.178989382006993,0.0642390727721623,0.0290660003065697,-0.223614602762998,-0.33334986377409,0.280277908709637,-0.0182924409585151,-0.511117988042089,0.227150638214449,-0.207183533826976,-0.0269130414375718
sub-19,0.120892539174394,0.336511987213654,0.425792170980191,0.0399869724581175,0.385746846570809,0.132905131272654,0.299630588228463,0.0364595462578141,0.358389460236256,-0.16790960166181,-0.106856152283178,0.0123293015324893,0.246122911995142,0.0764037989371099,-0.0800419110504966,0.0242359990019855
sub-20,0.403188627604566,0.641289861563901,0.268765332114837,0.0464294908415129,-0.194982602290069,0.220835736666172,0.210775598545731,-0.00717926790053065,0.218909418517462,0.452695910403479,0.137645431742008,0.0417225347181761,0.152826449628215,0.160868542362312,0.0955002515206137,0.0350719376197969
sub-21,0.385792778638845,0.399278985655674,0.319133888687332,0.045506661259527,-0.537061001917122,-0.32183093880168,-0.251341387744147,-0.0309916602672874,0.426174851689485,0.28450167828382,0.111028652481969,0.0391122615704187,-0.377563218620669,0.184820182839551,0.117524975730138,0.0556833022366081
sub-22,0.154114253369115,0.248064815305961,0.234825060276314,0.0441197879984186,-0.243932683054476,0.379457732812946,0.156882345805076,-0.0348152281088921,0.552450788471802,-0.161693872289966,0.365519489065578,0.0257044818462696,-0.170391422763483,-0.109420927381551,0.0705719308443138,0.0180124565772569
sub-23,-0.155058262131288,0.327995814665227,-0.141700363569868,0.0314452777639141,0.313184376784029,-0.369632197291001,0.254922004942705,0.025509164660344,-0.270943217574108,0.169547866690469,-0.0920014984237567,0.0183956520439827,-0.128587462979107,-0.303179152984195,-0.108804802332177,0.0293530973833259
sub-24,0.143565862551121,-0.280434987981584,-0.159683025213628,-0.0162074694482601,0.116412706735442,-0.27395566134705,-0.116060366960583,0.0338908835261192,-0.19703653386673,0.282546540272449,0.170975155715915,0.0223883142407966,-0.125993254888097,-0.245003254571792,-0.112107300809204,-0.0282682261908764
sub-25,-0.125971128065376,-0.339948133941806,0.273828944952808,0.0490940780919679,-0.375518210074718,-0.111383083666461,0.207392072615028,0.0203448421583455,0.118275590343704,0.0752000154607859,0.188613872062921,0.0493805287177235,-0.217469325394501,0.15379082521644,0.151424684385799,-0.0366714010758454
sub-26,-0.118555699290065,0.746987962826518,0.297664328901361,0.0396680662056522,0.289594604277304,0.273338768893175,0.0458268039416644,0.0331234252481606,0.330941274765215,0.221632754500386,0.0931811851992866,0.0236259537307912,-0.206068960996052,0.210718997601358,0.172158555641734,0.0471794849414259
sub-27,-0.161796630641341,-0.266915946780821,0.261094066122225,-0.0373920650570613,0.347640591527771,-0.211115484541862,-0.326080137141526,-0.0379150530873485,-0.107221689105534,0.120940955627244,0.275071131539707,-0.0120076122789308,0.151617134765631,-0.101888878401355,-0.162147103189702,-0.0387644821627554
sub-28,0.221435265213939,0.244645324680569,0.184360229996067,0.0417332076399642,-0.190290041682894,0.126408037283957,0.317040155704796,0.0346176058475879,-0.0678624106602094,0.248520618526076,0.278836386637947,0.0270802175500258,-0.318787827475067,0.138601686687528,0.370137385054157,0.0284388958689329
sub-29,-0.190571248299055,0.0987928434420706,0.396933994990286,-0.0452038132333499,0.119286367468147,0.362267339948893,-0.141934916498906,0.037940376456552,-0.154206529569277,0.26891525404269,0.201666019396329,0.0380557557694217,-0.259191178103131,0.151986480612955,0.19716218345682,0.0524654038372496
sub-31,0.189828051396448,0.264455150329631,-0.19054403506376,-0.0239344988395537,-0.375957698637438,0.46967478859149,0.121357667832785,-0.0103642867145074,-0.276299305763334,0.379674457723706,0.147545040272003,0.0365283771897539,-0.24119815602721,0.199466732447401,0.171378893319199,0.0366426838342794
sub-32,-0.373698313938088,0.16074586592819,0.310906817315484,-0.0479546688208684,0.123996729028926,0.1456591079727,-0.223443615583597,-0.0284549147819924,-0.100999409650884,0.0868737703546273,0.265160415710701,-0.0356823617856308,0.238218315940771,-0.231156874100698,0.176918130344351,0.0344262852559021
sub-33,-0.307128731839212,0.421332324324648,0.220149921936545,0.052271322098207,0.213233525119311,-0.435021414936499,0.205208779817895,0.0412019635581546,-0.353897614255831,-0.118022924937995,-0.149491976098707,0.0365874473942721,0.194882241620038,0.768473169922429,0.18927902190373,0.0399461909400334
sub-34,-0.361538576649555,0.223760186515768,0.495156499398909,0.0211429080395404,0.418898940943467,-0.222839424644821,-0.141743049048848,-0.0356062241044045,0.167409402789225,0.13511881363509,0.362525985176972,0.0113779394668505,0.0735815484657876,-0.187736333353467,-0.165524037336573,-0.0259402183279233
sub-35,0.561952805277583,0.103153546883082,0.320756489817813,0.0297675500313922,0.0821963902808453,0.107534288261297,-0.094045115023236,-0.0330377593873506,-0.462001658969491,-0.213417498314552,-0.118599909409488,0.0191188391966761,-0.824336722264081,0.187857543858755,0.0823671560820045,0.030610575659085
sub-37,-0.547157668436766,0.127070288486541,-0.0563664330889005,-0.0237229450801255,0.436972013304464,-0.192783743938614,0.181438070257354,-0.0277691080311502,-0.139834068146496,0.321336982535304,0.15156351462901,0.0280722165627157,0.213923749996506,0.114944327547598,-0.140390998110735,-0.01417970434477
sub-38,-0.149916889709982,0.298048944336986,0.231969973189686,-0.0173659536958586,0.279409763505245,0.206735668103798,0.269095434852776,-0.0264449693353737,-0.129443994196965,0.145311323655431,0.160834247923007,-0.0175642075252818,-0.313162364126979,0.0822658349565168,0.0390997028835391,0.0173233436229658
sub-40,-0.280129019918958,0.185782321162674,0.433087484485612,-0.0343914010248657,0.21492445071349,0.270844228774786,0.304522302283832,0.012951903521556,-0.177144490793375,0.149382209975544,0.172583726505335,-0.0379746419198431,-0.223087291581389,-0.119029937753433,0.2370574811722,0.0172271787664043
sub-41,0.119163556977021,0.398324406752184,0.202450367551393,0.0161265012796902,-0.343299976852837,0.155905459527849,0.16439228713955,0.0226540564709663,-0.144783366070552,0.186101700588019,0.241556437561247,-0.0227590881905168,-0.100292348652386,0.236458738571094,0.159139067557438,-0.0113679072778694
sub-42,0.214394459343049,0.354583390598048,0.380632402941824,-0.0458360099190631,0.198997508165271,0.281975546864124,0.247504528131351,0.0219885397365567,-0.202816968134043,0.48542059169529,0.326919631715203,0.0417470131652569,0.649645293419885,0.163722668132318,0.17276295569797,0.0146843683840166
sub-44,0.872318457315739,0.460150892534653,0.457119492080473,0.0460651802247873,0.241346840067255,0.479601812364686,0.267776062153388,0.0611887534849557,0.335440180675709,0.224173404906635,0.195254969343404,0.0249283918275778,-0.511550426304292,0.182548915247175,0.131603004683757,0.0301453562261104
sub-45,0.293943961180398,-0.149066025726408,0.172976331599099,0.0685090472841414,0.0597236435605104,-0.100264494921341,0.0585387386268352,0.0504726530512026,0.121629248237094,-0.271110412259958,0.317925420856981,-0.0307021987606483,0.158847633075488,0.0857643400365997,0.122190326035413,0.0387824898514859
sub-46,-0.117474519880315,0.212116820496945,0.179233281977936,0.026501071474796,0.357037934174324,0.321847364156623,0.218454400269493,0.0553041784844392,-0.316717039693337,0.253126780122558,0.0960738268647408,0.0268524823826738,-0.119938721530965,0.0416719446663418,0.137540245487082,-0.0228882653379522
sub-47,-0.230314463424716,0.357214379114405,0.361310327026803,0.0224386687157889,0.428057305373437,-0.179180271298845,0.27671100457635,0.0518796817784028,-0.805881707920436,-0.196379982257984,0.171328920452065,0.0378652861742313,-0.437696348249347,0.503377252669822,0.147519437417849,-0.0148932703370615
sub-48,-0.0596576581687043,-0.180711206687873,-0.12145743643232,-0.0758166395100098,-0.372159584916523,-0.136300652231776,-0.152634526729396,-0.0436144215590468,0.225216080195631,0.244404123090268,-0.138991068138316,-0.0280941864332461,0.22345578133942,0.153677042009167,0.169253371713208,-0.00745930573047454
